#!/bin/bash
# By: Anonymous Zpt
# Ofuscador De Anonymous Zpt
# Github: https://github.com/Anonymous-Zpt
# Youtube: http://www.youtube.com/c/AnonymousZpt
Anonymous_Zpt=$(mktemp)
basenc --base2msbf -d  >${Anonymous_Zpt}<<DIXIE
0010001100100001001011110110001001101001011011100010111101100010011000010111
0011011010000000101000100011000010100010001100100000010000100111100100111010
0010000001000001011011100110111101101110011110010110110101101111011101010111
0011001000000101101001110000011101000000101000100011001000000100111101100110
0111010101110011011000110110000101100100011011110111001000100000010001000110
0101001000000100000101101110011011110110111001111001011011010110111101110101
0111001100100000010110100111000001110100000010100010001100100000010001110110
1001011101000110100001110101011000100011101000100000011010000111010001110100
0111000001110011001110100010111100101111011001110110100101110100011010000111
0101011000100010111001100011011011110110110100101111010000010110111001101111
0110111001111001011011010110111101110101011100110010110101011010011100000111
0100000010100010001100100000010110010110111101110101011101000111010101100010
0110010100111010001000000110100001110100011101000111000000111010001011110010
1111011101110111011101110111001011100111100101101111011101010111010001110101
0110001001100101001011100110001101101111011011010010111101100011001011110100
0001011011100110111101101110011110010110110101101111011101010111001101011010
0111000001110100000010100111001101101111011101010111001001100011011001010010
0000001111000010100001100111011110100110100101110000001000000010110101100011
0010000000101101011001000010000000100000001111000010100001110100011000010110
1001011011000010000000101101011011100010101100100010001001000010100000101000
0100110001001001010011100100010101001110010011110010000000101011001000000011
0010001010010010100100100010001000000010001000100100010000100100000101010011
0100100001011111010100110100111101010101010100100100001101000101001000100010
1001001010010011101100001010011100110111010001100001011101000111010101110011
0011110100100010001001000011111100100010001110110010000001110010011001010111
0100011101010111001001101110001000000010001000100100011100110111010001100001
0111010001110101011100110010001000100000001100100011111000100000001011110110
0100011001010111011000101111011011100111010101101100011011000010000001111100
0111110000100000011001010111100001101001011101000010000000100010001001000111
0011011101000110000101110100011101010111001100100010000010100001111110001011
0000100000000000000000000000000000000000000000000000000000000011111011010101
1101010011010110111100011101110001110001000110111100110011111010111101100000
0110000000011111100100101000001110101100111010010001110000001101001110111000
0000000000110001101110000001010011101011100100111010101111100001100010010110
0010110011000111010001100100000001010001000100000100100100011000100000101110
0001111111110001111001101001011101111011101010101011101110101110011101100011
0110011101110111000111110010100100111001010010000001110001101010111110010111
0110011001111011101010101011101010111010101001100111111101100111110111101000
1110100110010011001111110011110101111101111111101100101110101011101001111100
1111011111111011100011111101001110010111110101110010111101011111011110110111
1001111101011111011111011111010111101010111001101101010111011011111010111001
1011111110111101101110101011111011110101111011011111101111010011101111110111
1100111110011111111011100110111101011111111111001111000011100011110011011001
1011101010111010111101011111010101100001011111111111111100011100101111011101
1100111111110111110011110011111110111111111110101111100111101110111011101111
0101111011011110011101001111100111111111111001111011011110011111110011011001
1000101110011011111010111010011100110110111101001100100100111010111101000101
1111001101111111011101110111111101111100111101011111101011100110001111011111
0000110111111101111101011101011101011111001111110111101110111011100111100101
1011110001101011111111000000100011001111011100010011111011001100000111110111
1110111100011110011111011111100111101001100111111010111111111111011100111111
0111111100101111101011110101010111111101001000111011101001000010111101011111
1011110110111000011110101111001011100100111111010010111101111111101111011011
1110011111011111111011010011110101011001001100011111101011111010111011111110
1111011011101001011011110110111011000110111011110101111101111100111100011111
0101101100110110111110011111011111011001001101110010100101101111110011101110
0100011111010110011000110101111010001110111100101110111001111111110010111010
1001111001011010000111101000110010011111011111100111011100111110101110111010
1001111001001100111010110110100001011001010000111010110101100111010010111110
1100111100100100011110001001011001010011111101101011111011100011001011001001
0000001000101110001001110101001011010110100001000010010110000101010001101011
0010000111111001101101000101001100111110001110011000001100100010110111111001
1100110010000100100011000010000000010000101010100110000111100010000101000011
0010010100111101010111111101000001001010100011001101010100111001000011111100
1111010101110011001001011010101100000000001100100100000011100100010110000001
1111100010011001000101011000100011011100101100100000001100110001111110001101
1001000111110101101110000101001010000100101010011110010110010111011111010000
1000100000010011010011110101000100011110010110111100100001010010010000000010
0100100110010111111000001010101010001100110010010101001111001000011001100001
0001100111100101000000010011100010000001010001010000101010100001000110001001
1010111000000010000101101110110000011000011001111010101100001011001001100011
1001101100101000001100100101010010100010001101000100111001111101010001101100
0010001011101011001000110111000111000110001011100000001011101100010110100000
0000010001110010001010100101011010010001111111100101010010010110010001111011
1011100111101001001000010100110010011011001111101101101001000010011001001100
1000110101101101111000110100111000110100010110000100101101100000101111110001
1111010101111010101111001000110101001011101100110000001100001101010111100101
1000010010000111010100010011101100111101111000000100000000110101010000010010
0011000101100011100001010000010101011101010010100011010011001011100101010010
1000100100000100001110100010110111000011101000100100100110101101100000011001
0001110110000110001011111010101110000110001000100100001001001100010000111001
1010001110010101000100110110010010000001011000110101101010110011001010100101
1001110110001000000110000101001000101001101100110101101001010100000100100011
1000011100101101011011001100001110011101001110101010010100010010100100001111
0010100101001101000101001100000110100101110001100111100011101100111010000010
0011100000111100011010001001000110001001000011110101110011000110101001011010
0010101011000101100100100110011000100100001001110001000110010000100100010010
0010000000111101100101110010101011110010000100111100110000010011100000100001
1101100111000101000001010000110011101010001000111101010001100010000011010010
0010010110111100110010111010010100001011011111011001010000100110110101110001
1101001001001000100111011011110111100010101001001001000100111010011110111100
0101010010010011110101110101101101000000001101000010101010110100000110101100
1100100010101001011101100000000010000000100001111001001000101101010000100101
1011001111010010001110110110111111001001101001000100001010010001011110011111
0011000111111011101001011100000110101011110011011000000100000101000101010010
0100100101101001011100101111101110001000000010001100101101001011011000000101
0111110001100110110001101001110001000001111001001011100110001010100111001101
0010110111011111011000000001010111110100010110001110110100110001100101011111
0100010101011011101001010011001110111110100010101011011001001010000000001110
0100101110000011001011101000100000100101011000010011010000100001010011101100
1011001000111110111000101101110100001001010001110111000011100100011111001000
0110111111100011011100101011001110010000000001101001000000110000000110101001
0110100010101010110000101111100100010110011110000100110100011111111101111000
0000010000111100101110010000100111100100100110010101111111000000010001101000
1010111101011101000110000001100101110101110000000011000110111011110110001000
0110111000100010111100011100101100110000101101111100010001100111111001000001
1011011101110101101110001000001011111010000111001011100011101100111010000001
1101110111110111010001101101110100111011000101001011111100010101100111100011
0000011110000010010011010010001101001100010101100010000110011001011111111101
1011010101111010011011010100100001010111110101100110011110011001011000111011
0100011110100010100000000110010011001110000001000111010011100000001101110001
1000001000010100101101000001100101100011001110010000100100010011000110010001
1000001011000101110101100101001110101110001000100101001001010011100111011001
1100110111010111010000001011010000110010101000101011011000011101010000001001
1011000010011110110110111001110100010000001110000101101100111001110111000000
1110100001001001000010111100100010111111100110001001100101101000011011001101
1101111011011011011010101011110111000110111111011001100101100100001010101011
1011010010110111011011001101101101011010111010110100000111001101000001111010
1100100100111111100111100011100110100110101111010001001101000110110001111011
0100011101111100001011111111100100010000000111011001010011001110111110110101
1110110010000000100000000111001000001100100110011110101111001001001111110010
1010011001111000111110000100011011000010101111100001001000110111000101000110
0110101011001101110110100010011010001101011111000011001101010011001010101101
1101101111111110100000100110011111001001100101010010000111111000100000110011
0010110010101110100001111001000101011110000010101101100100000010100001010110
1110110111010011111100011100011001110111011011101011110000000100000010011010
0011111000111011101110100001110011110101011101100010011111011100011110110111
0000001000100111001110110001011011101110101100010011110010001111011000011110
0011010111000111001110010011010111001001010011100111001000101001011001000111
1010001111001000100111001100011100110111011100001010110110011011000100111101
0010000001110000110100111011100011101101010110101111111011100100110111100010
0100001110111110110011110011000101110010000110010011001110100111001110100011
0000010001100100101111001001000011001111011110000010000101101100000001011001
1100111001001100110001101110100101111010010101011110100100010101101110011100
0111110101110000100111110000010111100100011010010000101111111010110000000001
1110000110010010011101000110100111000101010100010011000000011010000101110111
0001010001111101010100100101000111001011011111001100011001100111100101010111
1111001110101010010111101100010101101001001100100110101101000111110111010101
0011101111010010011100111111010000011110010101111011110110001001110110100011
1001100111001111100000000011111110100110110000000011011110010100011111001101
0000001100100101011001110111101110011101011101101100001110111000100100111010
0010100001001011101110100000011000111111111000110010011001000101101001010011
1101101101100111111110111000111001101001110011110000010001000101110110111011
1011100111100010011000000011011001010111101010011001000000101101110001101101
0111011011000000000110011001111111111001000101110100100000010100110000010000
0101001110001101101111100010011001001110101100111000110010110101100101011111
0001010000101011001101011011111011110011101110101101001101010111000101010110
0111111001011001011111000111111101111001100100111011101000101000011101100101
0110101100001111000100001110011100100011101010001110110010001111010110010101
1111100010011011001001100000101111011110011001010110100110101110110010100101
1010101101011110010000000000001110010000100001100100111111111011011010101000
0100000011111100010011011001000100011001111111010101100010001001010111111110
1101101001001110100011010101011111110110001100001101000100011010011010111001
1101000110010000001011110110011111010001011000101111111011001111011001011101
1100111011100011010101011010001100011101101100000011111101111110101100000011
1011000010011110001010010101100110000111110010011110101011100110000111011110
0011011000110010000110001101001110001000111011101000100100110011101111110110
1111010011100010000010011101010111110110100100100111011011000001001110010001
1001110101011010001111010011101010101111000111101111010010001101001110011111
0010101001011011111100001011100110100010111001011001001101110111100001111111
0011110010110011001110110111100101001010101100101110111001001110110001110000
0011101110101010001101000011111001100110111101001010010101000111101001011101
1000010111000010011110010001110101111111110010000110011100011011110001110111
0000101101111101110101010010011101011100011111010001010101101101101010101000
1100111001000001011110111111100001010111110111010100111110010110011110101111
1001010101111010100111000100000110101010001010101101100100100001111000111011
0110101001011011101010011100100100001111001000000001000111000010001101101001
0110110110110000100110000100100000010010010011001110101010000011011101110100
0101101101111110011010100010001111010101110111011100100100100000000111010101
0011010100011110011101111101000111001100111110000100011111011000101100111101
1101110010001110101111101101001110111000000000011101000100000011001000001110
0011111101111000010001001111111101001110010001000111101000000110011010000111
1010101110001011011100100000011001100100101000111110011110011001100000110101
0110000010101100011100100101110010000100001111011110001110011011001010100010
1111101101010101111111011000000000101011111011010110001110101000010110010111
0101110000000001100000001001011011011100010010000011111100010110100100001011
1111101000001001001101010110101111101000011110111101010011010101110011110001
1110010101000100110111111011111100000110101001110110100111001101111101010000
1001001100010000011011011011010010011000110101100011101111001001000110010000
0010101101110101111111111011101100010101101100010010001101110011111011110101
0010011101101100000111000001101100010101010011001011111100011010101010100100
0111100011001010101111010101110101011111011110011101001101101001011111100100
1100011101010000110100110001110100101111101110010000011101001000011000101001
1111111011000010000101011111000110100000000111111101110111011111011010010001
1100000001101110000011110011100001011101001000101011000011111010110011111011
1000100111000101010011110101101000110101010111010011001111100100110110111000
1101110100111010111000011011000101111111001001010110011010100101101001111111
0001110111001010100100010011011000001001100010101000100101000111100111100100
0110111011100111000100010011100101111011001100000011010110100011101100110101
0001011010010111101100011101101000111000010101110100101111001001111001010101
0001001110001001011111000100111001100000011110110100000001101000100010010011
0011011000100111110011101100000111011101000000011011110100000111001110111100
0001000101111001001010010110010001101110011100110010100111001000100110001110
1110101100110110001011111100100100010011101010100000110010111101000110111000
1100100111001111001000010110101110111110111001101101100001101100000111010010
0111100000100001100011111001010001010000011100010011010001011100110000110011
0000111001011001100010010110000001111110000100101001010111011110010101001011
0101011000110010111010000001001101010000011101010100101001111010011100111011
0111010001010110001000110000100001001010110000000110110110010100101110101100
1000101000001000001000110011000000010101010011100001111001001000011011011000
1000110011100101100100000010001000100000111100100001111011111001011101001011
0100111110000111001110010100001000000100100111000101010011011110011011010101
0100101010001000011011001000001000101101001011100000110010101011101010011100
0101111011110101011011001111100010111000011111011101101010011100100111000001
0101111000001010111101001101001111010001000001101001101010110101011000000100
0001011001111100111010100111101111010001001101000110111001111101001111010001
0100000010110001100101011011100000000011101010100000101101000111100011101001
0111010111111100111111001110011100101010010111100111010100111001111100010011
1011010100100110101110010010011010001110000010111110011101010011111011111100
0010110101100111100101101001100111000100111110111101000010110100011100010010
0111110011100100011010101111011000000110111011000010110110111101101010010110
0110100011110100001110100100100100100010101001110001100001010110110001111111
1110000010011101100111001110110100110001011011100001101001100101110111100111
1011011111101101000000000001111110110001000110100111000111101110010010001011
0010000111011011000110110100100011111111110110001110110110110011001000011011
0010101000111000111011111111000000110111001101110110100100011101110111101001
0101001011000110110111011101110100000001101010100100001110101011110110010010
1011001101011100111100110100111110110110010101111101011101101010100101101101
1110111011111101111110010011010000111011011000011010011001010100111000111110
1100001000100110101010001110001110000001101111111010101011110011000111101110
1111000111010100110111001000101111110000011000011101010110011100001011011010
1001100001011111010001010000011011111111011000010000011101101101011110110011
1101000111111001001000010011001011010000100010001000001010001110101101000101
1000100100111011001110100011111010100001111011100011101011000111001110111110
0111111101001111011110111110000001111100110110110110011100111011101110011101
0010111100111110100100001000010101111011110111100011111000111111011111100110
1000001111101110010011101011110100000100101110111101010100011100001001011110
1110110111100110101100011100101100010100101110111101000001111001110001000000
1001101001100110010010101101000001101000010110111011110111011011111001010110
1100110101100000111001111100100111001111001011011001011011001100001000110100
0101001111100010100000110011111001000111011011111001010110111010010010111100
1101000110010110001110100111101000110010010110110101110011100110111110111110
1010111000110001010100100010111110001010001101101110010110110011010110010111
0001101001100101111001110001110110010100001011100100110101000011110010001011
1110100011110000101111100011100101001010110111000111110100011110001100001101
0011000110011101110100001110001110000110101110001011010100110001110111010000
0111110100011110100100001111010111110100101001001001111101011100110000101001
1110110011110100011010000001011001100001001010011101010111100110100110000111
1100100001100110011101111111100011010110111100010111000111101110001101011000
1110001000000110110011101110111010000001111110011100101100111000011101010111
1111001101101000101010010001111110001110101100111001100111110011101010010010
1010011100011110110101100010101000001011010001110011010010110001000000010001
1000110101100000110111010010111001100101101111001111101100100110001000110010
1001001010011000010100100111100010101011101110101110101001110111110001000000
0001110110111111101010000110100100110001001101000100001111001001111010000000
0010110011010010000101101011010011001101010001010011110010111101110011111010
1011101011000100000001000001101000110000010110010111010110001010100010001010
0001000011110100101010100010000111000001011011010000011100110101011000000110
1111011001001011010001010100100111000110000010111000000000101100110010000011
0010100111110010000000101110110001001100010111001010010100100010001111110011
0100000011001010011110110111010110010101011010100011011010100001100101000010
1110001011100110000100000111110000001101001000000001100001001000000001001010
1110001010001001100111100011101111000111001011010010011101001000011101000100
0010101011000001010001110000010101101001010111010010101010000100010010000000
0010110011001000000110111101010010000101000011100111110110100100110001100110
0101011010100000010010110010010100101010110010100001111100000001101110001001
0110000100010111110011011001110011111010111011010100111100011010110000000010
0011011000001011101101111000011111110011010111111101100010000000111010000000
0111101010011100110011001111101101001100101000110111010100010010110101001101
1111100110100001100010001101010110100010010100100010010100010001000010001001
1001000010000101010101101001100101101101111111100111100000111101011101011001
0000011101000011100100100100111101010100001111110011100010111111101111001110
0011100010101000100110100110001100100000010101101011000110001111001110001011
0101111111001011001010100111010101000000010111110000111111100001011110101111
1010011011110111110011011000000010101011000100000011000001110100010000001011
0110000111110000110100100000110001000101010101100011001000101111101101001011
1100011110110101010101101000110101011000111100100111010010101011101001010100
0110101011110111010101010111000001010111101000101100011000010101000111001000
1110101111101101000000010100000101101111011100001000000111110100010101010000
1011100110011011101000000110001110110110010111100000011101011001100101011101
1100100101011011000111010101000111000110001001011000001001101010000000010000
1111101101011101011011001010100110010010101101100001000111001001000010101011
0110100010001000111001010011111110000001101110010110100101010000010110110010
1101010000101010011100010100110011100100100011100110101001101101110001000010
1001100111011011000001100100011010100010111001101000111001001110111010100100
1101001101000011101101010100101001010111101110001101001101101010100111100010
0000001111010110110010001001000001001000100100011001000111001111001000000000
0010110010001111010110001110011011110111010111001000111100100000000010101011
1000011000100111110110011010101111011010010110110001000001000011000001011100
1001001000010101001000110011010011111011011000010000011110001011000011011110
1111010001011100011101011011011010110101101010011001111001110101001111100100
0011101100110011010100000010011010100101110111110110101000001010011000100100
1111100111011010001100110110010101110100010011011101110000010000101000110000
1110010010001111011101100111110110010011001001000000001001010010101110001101
1011100111010001000001000111100001011100000000100010011110110010010000111010
0111010001001111110011011111100110010001000111010000010101100111000110100100
1101110001101101000100110000100001010001110111100001101010100101011110011111
1111101000011111100111010101110110001110001010111111011011010001100000100010
1111100010000001001101100110000111001100001010011010111101100111010011100101
1000001010100010110110000111010111111011101000101010011010110000011101101100
0011100000011111001100000000001100000101111001000011111101101001101011001011
0100101011001010111011101111010000010011100010111110111001101001001001111011
1001001100110010000001111000011111000111100101100001100110101101011110111111
0001010111101110001110010100001111010001001010010010100111101011011110000111
1101111010011111111011011011001010000111100011100101111111100011010000010000
1100011111001111011101001101111101100001001110000100000000111101101111101110
0011110010110110000010111011111001011101000000000111111011110001011001101110
1011100100001100110110101010011010110110111011011110001101110101101111111110
1100100110000110010111000001110001011001010011010111000111110000110010011011
1000010011101111001111101110000100010100011100111001111010110011011011101111
0001111001110001111101001110111110100001101100000010000101100111010010111010
1110110001000100100010101100100001100001110100001011110110001001000010000000
0101010110010111001100000111111001111001111000001001111100111011010000010010
1101011001110000101110111011011011101111110110101011011000001101100001001011
0111110001001111100110111001101100100101110101101000101110000000100101101110
1110011010100101110000010011111111000010111110101110101101001010011001000000
1110110100110011100110100100110110110110111011100010000001101000000000010111
1000111111110010011101111111100111100001011010000001101000000000011100110101
0010011001111010110100011111100110001101000010000011011100110101110100010011
0111111000100001111110001111000000111111001110101001110001101011110100000110
1000101111100001010101011110010011010010001010011011000011010010101101111111
1010100011001110110100100010011011000011100100101110101111110011100010000110
1000110011100001000100111010110010100110001001010010111010000100010010110011
0000001100111101010101111110000100100100101010000010001000011101011010011011
0001010001010000001001110001010010100111000110111011110100010011100010011101
0010001010000101001101010000010110011101011100110111000111111001100001000100
0100101000110100000011111011111000100010010011100001101001100010001101000011
1011011001011110110110000000110100001010110001000001001101010000010010100110
0001111110100101001000101010101010011111100100000100000100110010101001110101
0011111011000010101000010101110000010000101110000110110001010010010111111000
1110110001100000011010011100110001101101110110100101010110011010100101011001
1000111111011111100011110010010001111111110100101111011010001011010001010110
1000111100010110000001011100000110110000100001001010110011110110010100010010
0001101110010101110110011010001011010011111110000110011100011111100100011101
1110110101100100110100000011001100001010110001010101111011011010101000001000
0010011110110111010011010101110010100111111111100011111111001000010000110001
0100011110111110000011001010111110011111111110011000000110010000001111110110
0111001010101101010110110010010110110101111001000011110101100010101010000001
0100010101100001111001001010110001110000101100011010000101001101100100101000
0010110011000010111100101011100010100100100110100101011001000110000000111010
1101000100100001001101110000000000011011101011111110110001011001000000000000
0111100000101010111111000011010001101101001001111010100011101010111010111010
0011101011001110000111000010001000001001100111011010000110001111111100010101
1101111110001010110110100101010110000011110111010101110110111001110100011100
0100001011110001110011111101000101000011101001100101111001101001010111010100
1110111111010111011101111001001100010101011110001100110010000010001111110000
1111011010100001010001011100000011111001100011000100010011110000101111011010
0111110011010001000100010111000000010010101110111001000001000010001100110101
1100100001000111011011001100100001111001010000111110101101001010000010110101
0000000110001010000100000001011011011010001000111001100001010001101010001111
1100011101100001010001111011011100111000111000001010000011010101001100101010
0011100011100100100110111011010110100100011000111101001000000111000010100011
1110111110000000100101100111111110011000001000110011111111000001010010000000
1111111010100010111110111111100001110110011101110101011100110100111001101111
0001101110011101010101100101101000011000110101111101101100100011000110100011
0011100010001010000110000001000010010101100101101100000011010001011010000001
1110101011101001111110010100101100101001101000011110111100001011100010101111
1110010100100001101101101000011000001110011010101000101000010110011010011110
1101111010011101001100100010011100010000010000111001010100110001011001010101
0001010100111011100001000100111000111100100101101110011111110100010010101010
1000100101000110100000010011001111110100011010100101101000011010010000000000
0110011011000010000011011100001101101111000011001110011111110111011110100111
0110101111100000011001010100001001111000110111110010100111000000111000010110
0101101010000011011010101010001001011000111111001000011010101111001001010001
1011111110111011000111100011101110000000101111011110111010011110001110110101
1001001111010001110100011111011101010110110010100100000101011101000001111011
1100001010011001001100110011001011011001111000100001000011101011010001000110
1010010000010000101101001110011101111000111001010101001001101011000100000100
1101110010010011011011100001110001110001100101101111010101101111101011111001
1001000100110100110100000001101101001000111000110110001001001001100110111110
1101011110100011111111100101111110011110110010100111111001000010101110110100
0111001010010100000110101000110010000101111001110101011101111111111010100010
0010100011000100100010010111101110101100011011010100101100110001110010110011
0011000101000100101101000100000010011010110100010100001000110011111000010011
1111110110111110101101010010001000110010111100100000101101010100100010100100
1101011011010011001010001000010001111100111001111011100000001010101010100110
0111100111011101111111100011100010111001100110011010110000111110011010111111
0101101000101100010100110011000111110100010100101111100110001111101011111000
1110000101111111010010111001001011100100110011100011000000101100100011000110
1100011111011100100101100110111100111000100010001001101100111110100001101100
0000101010000100000000001010000000100010101101001101001011111011000001111111
1110100101010011110101101110000110010101001101010100101011011110010000011110
1001100000011010000100000010110101110111111101110100110110010100101010100001
0110111100111111111000010010101010101100000000101010010010101101010101000000
1101011100000001010000011011010101110110011000100000001110001101011101110001
0001110101110001001101000010101100110111010111000110010110101000011101100001
0101010000011010111010100100101000111010111110111110011000111110010001000001
1010001100000111110000001111011100101011011000000001011100011110101111110111
1010110111000110101010101000001101000011111101111010100100001000001001010101
0011001100001010000000010001000110001010010101000110011000111110101111111011
1110100000001101011001110110011111000100001101100000110000000000101000110110
1000110110010110111111100101110101011000001110011100001010110100010001101110
0010000011110101001001001001111111001111000011000101011011011100110111010111
0110111000000100001000101100000000110000010100000000000101010110110001110000
0100011010000110010111101100100101011100100010110010000101010000011101010000
1101100011011101001100010011001111101111010110101111101110001100000011100001
0101000010001110111111000001001000111010101000111011001000001011111011100011
0101001000001010100011101111010100011101011111110100101111101001010101010100
0000001011000101101000011110111100000111011110001100100001101100100010111110
1100000000100110011110000100011100000000100110010110001111111111110011111011
1110100011010100000110100111101101001011010111000011100000111011010101111010
0010101101110000111100111010111000001000000001111010010100011010110010110100
1011011110010100010100010010010110110011100111110000101110010010000110010000
1010010100100110001101100010100001100110010000111100100000011010010110101100
0000001000101110100010010111100011010101111000000000000101100100000100110001
1101101110100110110100011111011110100101011011100111111111001110001101001011
1001100010110100100010010101101101101001110011110111011001000010111111000101
0100110001001111010011000100000101101011011111111110011111011111010000000001
1011100101111101011011101110000101001111011110111111001001111010110101001011
1000001000001101001011011110101010011111000001001110001111100110101011100100
1100011000110011100101000110100111001110001010101010111011100111001111110001
1001001101110110000111100100111110001001100110111101000011011011001011000111
0100011001001110001000010000000010010111010110100001101101011001110001111010
0001010001000010100100000010001011010100011111111011110111101101000001001011
1010110000011110111011011100111110011111111011010010000010011101111001111010
0101110000011100010000101001110100100011100101100000111001000110110011101000
1111000011001000100100010111001001101100001111101000001110010011110111011000
0100000100101100010100010010000110010011001001110000110001100111111110010000
1100111110011000010010010001001001000011111001011111011110101101110001000010
1101011001011100100111010110111111110101001011110100010001001011011011011000
0000101011000010011100100110110101011100110011111001001010111010000000110001
0100100100110001000011000110000101010000000101111010001110001100110010100011
0101101111110111101011000100001101100011010001101001011101000000010001110010
1001010100001100111010011000000110100001001111100000111000110101000100100010
1011010001010100000100010111100011111101100101110100000110000011110110111010
1101001000011100010010110010100011101001000001100110110011001100001100011011
0011001001001110111110011101111001000100010110000000111001011000001100010011
1110010101011010010010001011100000010000100101101101101100111100100110100101
1111110101000101001000001101011111010000101000100001000111011011000100110101
0001010010011011011010000100011010111001100111010110001011111110001111001100
0101000100010100010011111010010110101001111010011101101001011100110111010000
0101000101010101011011011100110000100100011100111101100011111110000000011100
0110110001110110101111011101101001011010101011101111000000111100010000000000
0011010011000100111001101100001011010101011111110100110010010011100010011101
1101000001011111101011111011011010010110001010110111110010010010010001001111
0000001000111101011000100100001001101000100010101101000101010001010010000000
0000001001101001011011110001001000000100000101110110000001110111101010010110
0001110111111101010010001100100010101010000010010100011011001010001100110011
0111111000010101010001101010110010000001111110010001001111100101100011100000
1011101011001001010111111100100000000100101100001111010111001110011101100011
1101111101001011001001011001011011001101010010000010110011001000100111001011
1111011110010010000100000000001000101110011100111111100010110110111100000001
0010000101000110000110110101100101111011101000100000001110000101111010110000
0000101010000111111101110011110000010001010010000000101110100010000010000011
0000001001000111100101010010100101010001111111010100100101011111100011111100
1000110101001001010101010001010000001010001110100010101100111010001110101011
0110101011011101100000001100111011111001010010100001000111101110001101010110
1000101000000010000010000000100101101100000001111110101010100011100011010110
0100010100100001010100011000000000111100001010000111100111001000100101011100
1110111010111011110110001011001010000000110111000100001100000110101001000000
1010101010001001110000100011001100010100010001101110001001011010110011000000
1000000011001000000111101001101110101111111101100100100111000001010110101000
0011110110100100010001101110111010010110000111100000001011100010001111010110
0001101100010101100101010011001001011101010100010100110110000101101111011111
0101101001101010101101101010011001101101100101010010011010101110001100111100
0100101010000101000011010101111101010101110111000100001011011000111001010100
1111001101001100101111110101010110101011010010110110101100111101100000111001
1010011011011000010001110101011000001101011110011011000100111010110101100010
0100011010001110100010001000100010100010111100000100100111011111110010101011
1000011110001110110011000101111000010001011010110100000010111111010011011001
0101000010111111110011001001010001000000100100011000001011011010100011111110
1000010011010100100111001101000100100000000111011101101110000110101111111001
0100111110001100110011110011010101111110111110001001011110100111011010101000
1110100111000110110111100000011010101101100010001100111001100011100110011111
0010000111001010100111001111001100011101000000001110001001001100110010011100
0100101100101101001000110001101100101101001011010100101100100100110111010010
1010101001101100100000100011011101100110110010110010011001011110011001011010
0010100001001101111001000011011100011111111011110001011000100100010010101110
1100000010010111101110111000110011011101110010010000011010100001111001010011
0011111010011100100001000010000110100111100110000110011110001100110111100001
1111111110000110010011001010100101010101000010110010011100101011010000010110
0010110111110010000101000100100000011111111101000110000001100100101101101011
0010010010001011100100101110111001000101111100001100001001100010100101010100
1000111001000000000110010100000110101101101000010000000110001100100000001110
0101111011111101110100100000000101101000000111010111011000100010110110110001
0010101001011111101000010010101000111100000101011011101011111001111100000101
0000010011011110000111101110000000011011110010000111110000000111000001001111
0101010101000000001100101110000000011010101011100010100001001111010110100110
0010011011010110101011111010110111110100001111111110100010100010001010011010
1110100101000010101010110111101000110110001111000001000100110000111000010000
1011101010001001100010001000001110110010101001010000001111001100010000100001
0110001000000010000011101010001000000111001101001101101010000011111010110011
1110100001110000101101100110011000010111011111110010010011100111101010111011
0101101111001011101001100110100011011000100000001100111010100101100111010101
0100110110100011101100100100111111101011010011111110000111011011001101011110
1110011101001101011100010001000001101101110011000110100101111101101011110000
0111110111011011010000010110101111110010001111011010110100011110000111000101
1000011010011100001111111001111101001111010110110011011011111001111101111101
1001001101101110011011111110111011011111101111000111100001111001111101011110
1001011011110101111110111101101110100111100111110101111101101111101011100110
1111111011110110111110111110111101011110110111111111110110011110110111100101
1100010111110011110101111001111100110101001101111101111111101011111111100100
10001010110111100101101010101011100100100000000000000000
DIXIE
source ${Anonymous_Zpt}
rm -rf ${Anonymous_Zpt}
